0 0.483695652173913 0.16444981862152358 0.4673913043478261 0.036275695284159616
0 0.483695652173913 0.2037484885126965 0.4891304347826087 0.032648125755743655
0 0.45652173913043476 0.24123337363966144 0.45652173913043476 0.03506650544135429
0 0.45652173913043476 0.28234582829504234 0.391304347826087 0.032648125755743655
0 0.5054347826086957 0.3252720677146312 0.4673913043478261 0.02902055622732769
0 0.5054347826086957 0.3615477629987908 0.44565217391304346 0.026602176541717048
0 0.5217391304347826 0.3954050785973398 0.5 0.036275695284159616
0 0.483695652173913 0.43409915356711004 0.44565217391304346 0.03143893591293833
0 0.42934782608695654 0.4752116082224909 0.4673913043478261 0.036275695284159616
0 0.4673913043478261 0.5114873035066505 0.41304347826086957 0.02902055622732769
0 0.4782608695652174 0.5507859733978234 0.41304347826086957 0.04232164449818621
0 0.5 0.5918984280532044 0.32608695652173914 0.02539298669891173
0 0.5163043478260869 0.6269649334945586 0.40217391304347827 0.030229746070133012
0 0.4945652173913043 0.660217654171705 0.44565217391304346 0.03143893591293833
0 0.4891304347826087 0.6964933494558646 0.34782608695652173 0.036275695284159616
0 0.5597826086956522 0.7315598548972189 0.44565217391304346 0.03385731559854897
0 0.5163043478260869 0.7714631197097944 0.40217391304347827 0.03869407496977025
0 0.5054347826086957 0.8095525997581621 0.3804347826086957 0.03506650544135429
0 0.5 0.8609431680773881 0.3695652173913043 0.053204353083434096
0 0.5380434782608695 0.9431680773881499 0.2717391304347826 0.10399032648125756
